11 2 1812
14 3 335
21 3 1137
25 3 1500
43 2 74
46 3 1160
47 3 1031
52 3 1942
60 3 1418
71 2 1358
82 4 1077
83 3 1528
89 3 1129
91 3 1449
113 4 1175
114 3 1419
117 3 1344
125 3 437
129 2 486
133 3 61
137 4 868
140 1 15
140 3 1821
150 4 1218
151 3 653
152 4 841
159 4 1104
162 5 1150
166 2 338
169 5 917
173 4 1382
180 3 1633
183 3 1620
188 2 37
191 2 1682
192 6 813
196 4 604
210 3 73
230 2 346
231 5 1429
241 4 525
243 19 1244
247 2 1789
254 6 1434
256 14 702
273 2 1799
286 2 22
290 2 1869
297 5 493
299 9 602
306 4 420
317 3 232
336 11 1610
348 4 368
354 3 2036
386 2 1889
391 3 1877
397 5 307
403 4 1747
425 3 75
437 5 299
454 5 304
486 3 116
508 9 1716
510 2 1999
513 3 97
515 5 1769
519 19 429
522 3 166
537 4 183
541 11 1706
558 3 1940
579 13 1784
591 3 1976
607 3 164
615 3 1980
641 3 7
649 3 1896
671 4 1860
725 4 1880
748 5 1853
762 6 222
792 13 1743
813 3 1950
818 3 1996
857 3 77
878 16 1768
886 2 13
892 2 26
911 3 84
932 2 16
944 17 1874
994 3 63
1039 3 2015
1068 3 2004
1098 3 26
1143 16 1737
1149 5 1883
1181 3 67
1204 3 113
1229 4 1893
1256 13 1767
1274 4 169
1299 19 1762
1317 3 1956
1337 3 97
1351 18 1777
1420 3 132
1427 4 1866
1445 3 2035
1457 3 102
1504 3 188
1517 3 62
1521 9 240
1523 10 1816
1592 6 1716
1598 2 2044
1620 3 1781
1662 3 1786
1681 10 1466
1687 3 1869
1691 3 251
1697 18 562
1699 20 535
1709 16 538
1714 6 1623
1730 5 445
1736 4 1697
1737 2 1864
1744 6 1507
1748 3 1902
1759 3 2036
1764 3 1996
1767 3 1697
1770 3 268
1790 3 101
1795 2 1845
1796 3 1914
1799 2 1854
1800 3 1831
1814 17 1246
1825 7 1327
1829 8 695
1829 16 1268
1830 3 502
1832 3 331
1840 4 1534
1847 2 155
1850 5 813
1851 14 1167
1855 6 1223
1858 3 502
1858 6 757
1862 2 1974
1865 14 1035
1866 3 1406
1866 2 2000
1872 5 839
1873 4 748
1877 3 1699
1878 2 1912
1894 4 782
1909 3 1432
1911 3 1471
1915 3 1616
1924 3 1331
1930 3 793
1934 3 283
1934 3 1514
1939 3 870
1948 2 1637
1950 3 298
1954 3 335
1958 3 2041
1963 3 1260
1964 2 1525
1970 2 585
1970 3 1775
1983 3 590
1984 2 1674
1993 2 2025
1996 3 708
1996 3 1885
1997 2 1308
2002 3 1815
2005 3 77
2007 3 1179
2011 3 805
2015 2 503
2016 2 1669
2030 2 1827
2031 2 1416
2033 2 88
2036 2 1784
